1111111111111111
1111111111111111
1111111111111111
1111111111111110
1111111111111110
1111111111111111
1111111111111111
1111111111111111
1111111111111111
1111111111111110
1111111111111111
1111111111111111
1111111111111111
1111111111111111
1111111111111111
1111111111111111
1111111111111111
1111111111111111
1111111111111111
1111111111111111
1111111111111110
1111111111111110
1111111111111111
1111111111111111
1111111111111111
1111111111111111
1111111111111111
1111111111111111
1111111111111110
1111111111111110
1111011111111110
1111111111111111
1111111111111111
1111111111111111
1111111111111111
1111111111111111
1111111111111111
1111111111111111
1111111111111111
1111111111111111
1111111111111111
1111111111111111
1111111111111111
1111111111111111
1111111111111111
1111111111111111
1111111111111111
0000000000000000
0000000000000000
1111111111111111
1111111111111111
1111111111111111
1111111111111111
1111111111111111
1111111111111111
1111111111111111
1111111111011111
1111111111111111
1111111111111111
1111111111111111
1111111111111111
1111111111111111
1111111111111111
1111111111111111
1111111111111111
1111111111111111
1111111111111111
1111111111111111
1111111111111111
1111111111111111
1111111111111111
1111111111111111
1111111111111111
1111111111111111
1111111111111111
1111111111111111
1111111111111110
1111111111111110
1111111111111110
0000000000000000
1001010011010011
1001010011010011
0000000000000000
1111111111011111
1111111111111111
1111111111111111
1111111111111110
1111111111111110
1111111111111111
1111111111111111
1111111111111111
1111111111111111
1111111111111111
1111111111111111
1111111111111111
1111111110111111
1111111111111111
1111111111011111
1111111111111111
1111111111011111
1111111111111111
1111111111111111
1111111111111111
1111111111111111
1111111111111111
1111111111011111
1111111111111111
1111111111111111
1111111111111101
1111111111111110
1111111111011110
1111111111111111
0000000000000000
1001110011010010
1001110011010011
1001110011010011
0000000000000000
1111111111011111
1111111111111110
1111111111111101
1111111111111110
1111111111111111
1111111111111111
1111111111111111
1111111111111111
1111111111111111
1111111111111111
1111111111011111
1111111111111111
1111111111011111
1111111111011111
1111111111111111
1111111111011111
1111111111111111
1111111111111111
1111111111111111
1111111111111111
1111111111111111
1111111111011111
1111111111011111
1111111111111111
1111111111111110
1111111111111111
1111111111111111
1111111111111111
1111111111111111
0000000000000000
0000000000000000
1001010010110100
0000000000000000
1111111111111111
1111111111111110
1111111111111101
1111111111111110
1111111111111111
0000000000000000
0000000000000000
0000000000000000
1111111111111111
1111111111111111
1111111111011111
1111111111111111
1111111111111111
1111111111111111
1111111111111111
1111111111111111
1111111111111111
1111111111111111
1111111111111111
1111111111111111
1111111111111111
1111111111111111
1111111111111111
1111111111111111
1111111111111111
1111111111111111
1111111111111111
1111111111111111
1111111111111111
1111011111111111
0000000000100000
1001010011010100
1001110011110100
0000000000000000
1111111111011111
1111111111111111
1111111111011111
0000000000000001
1010010010110011
1001110010110010
0000000000000000
1111111111011111
1111111111111111
1111111111111111
1111111111111111
1111111111111111
1111111111111111
1111111111111111
1111111111111111
1111111111111110
1111111111111111
1111111111111111
1111111111111111
1111111111111111
1111111111111111
1111111111111111
1111111111111111
1111011111111111
1111011111111111
1111111111111111
1111111111111111
1111111111111111
1111111111111111
0000000000000000
1001010100010011
1001010011110011
0000000000000000
1111111111111111
1111111110111111
0000000000000010
1001110011010101
1001110010110011
1001110011010011
0000000000000000
1111111111111111
1111111111111111
1111111111111111
1111111111111111
1111111111111111
1111111111111111
1111111111111111
1111111111111111
1111111111111111
1111111111111111
1111111111111111
1111111111111111
1111111111111111
1111111111111111
1111111111111101
0000000000000000
0000100000000000
0000100000000000
0000100000000000
0000100000000000
0000100000000000
0000100000000000
0000100000000000
0000000000000000
0000100000000000
0000100000000000
0000100000000000
0000100000000000
0000100000000000
0000000000000000
1001110011010011
0000000000000000
1111111111111111
1111111111111111
1111111111111111
1111111111111111
1111111111111111
1111111111111111
1111111111111111
1111111111111111
1111011111111111
1111111111111111
1111111111111111
1111111111111111
1111111111111110
1111111111111111
1111111111111111
0000100000000000
1111011010010100
1111111001110100
1111111000010111
1111111000011010
1111111000011010
1111111000111001
1111111000011000
1111111000011010
1111011000111001
1111011000011010
1111111000111010
1111011001011000
1111011001110100
1110111010110100
0000100000000000
0000000000000000
1111111111111111
1111011111111111
1111111111111111
1111111111111111
1111111111111111
1111111111111111
1111111111111111
1111111111111111
1111111111111111
1111111111111111
1111111111111111
1111111111111111
1111111111111111
1111111111111111
1111011111111111
0000000000000000
1110111010010111
1111111001010100
1111110111010101
1111110100010111
1111110011111010
1111110100011010
1111110101011010
1111110100011001
1111110100011010
1111110100011001
1111110100011011
1111110011111010
1111110101010111
1111111000110101
1111111001110011
1110111001110101
0000000000000000
0000000000000000
0000000000000000
1111111111111111
1111111111111111
1111111111111111
1111111111111111
1111111111111111
1111111111011111
1111111111111111
1111111111111111
1111111111011111
1111111111111111
1111111111011111
1111011111011111
1111111111111111
0000000000100000
1110111001110110
1111110111111001
1111110100011011
1111110010011100
1111110010111101
1111110011011110
1111110010111101
1111110011111110
1111110011111110
1111110001111100
1100101001110101
1111110011011110
1111110010111100
1111110011111001
1111110111010111
1111111001010110
0000100000000000
1001010011010010
0000000000000000
1111111111011111
1111111111111111
1111111111111111
1111011111111111
1111111111111111
1111111111111110
1111111111111111
1111111111111111
1111111111111110
1111111111011110
1111111111011111
1111111111011111
1111111111111110
0000000000100000
1110111001110110
1111010100111100
1111110010011111
1100001000111000
1111110011011111
1111110010111111
1111110011011111
1111110010111111
1111110010111111
1111110001111111
1111110010011111
1111110010111111
1111110010011111
1100001001010111
1111110011111010
1111111000110111
0000100000000000
1001110011110001
0000000000000000
1111111111011111
1111111111011110
1111111111111111
1111011111111111
1111111111111111
1111111111111110
1111111111111111
1111011111111111
1111111111111110
1111111111011101
1111111110111111
1111111110111111
1111111111111110
0001000000000000
1110111001010110
1111010100011101
1111110010011111
1111110010111111
1111110010111111
1111110011011111
1111110010111111
1111110010111111
1100001001010110
1111110010011111
1111110011111111
1111110011111111
1111110010111111
1111110010011111
1111110100011101
1111011000010110
0000100000100000
0000000000100000
1111111111011111
1111111110111111
1111111111111111
1111111111111111
1111011111111111
1111111111111111
1111111111011110
1111111111111111
1111011111111111
1111111111111111
1111111111111110
1111111111011111
1111111110011111
1111111111011110
0001000000000000
1111111001011000
1111010100111101
1111110010111111
1111110010011111
1111110010111111
1111110011011110
1111110010111110
1111110010011110
1111110010011101
1111110010111111
1111110011111110
1111110100011101
1111110011011111
1111110010011111
1111110011111100
1111111001111000
0000100000000000
1111111111111101
1111111111111111
1111111111011111
1111111111111111
1111111111111111
1111011111011111
1111111111111111
1111111111011111
1111111111111111
1111111111111111
1111111111111111
1111111111111110
1111111111111111
1111111111111111
1111111111111110
0001000000000000
1111011000111001
1111010100011100
1111110011011111
1111110010111111
1111110010111110
1111110011011101
1111110010111110
1111110010111111
1111110010111111
1111110010111111
1111110100011111
1111110011011101
1011101010010110
1111110010111111
1111110100011101
1111011000111001
0001000000000000
1111111111111101
1111111111111111
1111111111111111
1111111111111110
1111111111111110
1111111111111111
1111111111111111
1111111111111111
1111111111111111
1111111111111111
1111111111111111
1111111111111101
1111111111111111
1111111111111111
1111111111111111
0000100000000000
1111011001011001
1111010101011101
1111110010111111
1111110010011111
1111110011011110
1111110011011101
1011101010010110
1111110010111111
1111110011011111
1111110010111111
1111110010011110
1111110010011110
1111110010011111
1111110010011111
1111110011111110
1111010111111011
0001000000000000
1111111111111101
1111111111111111
1111011111111111
1111111111111111
1111111111111110
1111111111111111
1111111111111111
1111111111111111
1111111111111111
1111111111111111
1111111111111111
1111111111111110
1111111111011111
1111111111011111
1111111111111101
0000100000000000
1111111000111001
1111110011011100
1100101001011001
1111110010011111
1111110010111111
1111110010111111
1111110010011111
1111110011011111
1111110011011110
1100001010110011
1111010100111010
1110010110011011
1110110100011110
1111110010111111
1111110011011101
1111111000011001
0000100000000000
1111111111111101
1111111111111111
1111111111111111
1111111111111111
1111111111111110
1111111111111111
1111111111111111
1111111111111111
1111111111111111
1111111111111111
1111111111111111
1111111111111111
1111111111011111
1111111111111111
1111111111111101
0000100000000000
1111111000011001
1111110011011101
1111110000111111
1111110011011111
1110110101011110
1110010100111100
1111010100111101
1110010011111011
0010000000000011
0010000000000011
0010000000000001
0001100000000001
0010000000000100
1111010100111111
1110110100111011
1111011001011000
0000100000000000
1111111111111101
1111111111111111
1111111111011111
1111111111111111
1111111111111111
1111111111111111
1111111111111111
1111111111111111
1111111111111111
1111111111111111
1111111111111111
1111111111111111
1111111111111111
1111111111111111
1111111111111101
0000100000000000
1111111000011001
1111110010111100
1111110010011111
1111010100111101
0000100000000001
0000000000000001
0001000000000010
0000100000000001
1001110010110011
1001110010110101
1010010010010010
1011010001010001
1011110001010100
0001100000000011
1101010110111001
1111011010011001
0001000000000000
1111111111111110
1111111111011111
1111111111111111
1111111111111111
1111111111111110
1111111111111111
1111011111011111
1111111111111111
1111111111111111
1111111111111111
1111111111111111
1111011111111111
1111111111111111
1111111111111111
1111111111111110
0000100000000000
1111111000011001
1111110010111011
1100001010110101
0001100000000010
1001010011110010
1001010100010011
1001110010110100
1001010011010011
1000110100010001
1000010011110100
1010010010110010
1101010101010100
1101010101110101
1001110001110010
0000000000000000
1101111010011000
0000100000000000
0000000000000000
0000000000000001
1111111111111111
1111111111111111
1111111111011110
1111111111111111
1111111111111111
1111111111011111
1111111111111111
1111111111011111
1111111111111110
1111011111111101
1111111111111111
1111111111111111
1111111111111110
0000100000000000
1111111000011001
1111110100011101
1111010100011110
0001000000000010
1001010011110001
1001010011110010
1001010010110100
1001010011110100
1000110100010010
1000110011110100
1010010011010010
1101010101010100
1100110101010100
1010010011110011
1001010011010010
0000000000000000
0000000000000000
1001110010110011
0000000000000001
1111111111111111
1111111111111111
1111111111111110
1111111111111111
1111111111111111
1111111111111111
1111111111111111
1111111111011111
1111111111111110
1111111111111101
1111111111111111
1111111111111111
1111111111111110
0000100000000000
1111011001011010
1111010011111111
1111110011011111
1110110100111110
0001000000000000
1010010010110010
1001110010110100
1001110011010100
1001010011110010
1110011101111110
0000100000000000
1011010010010001
1010110010010001
1001110010110010
1001010010110011
0000000000000000
0000000000000000
1001110011110100
0000000000000000
1111111111111111
1111111111111110
1111111111111111
1111111111111111
1111111111111111
1111111111011111
1111111111111111
1111111111011111
1111111111111111
1111111111111110
1111111111111111
1111111111111111
1111111111111101
0000000000100000
1110111001011001
1111010011111111
1111110001111111
1111110001111111
1111110100011100
0001100000000000
1001110010110010
1001110011010011
1001110011010010
0000000000000000
0000000000000000
1010010011010010
0000000000000000
0000000000000000
1001010010110011
0000000000000001
0000000000000001
0000000000000000
1111111111111111
1111111111111111
1111111111111111
1111111111111111
1111111111111111
1111111111111111
1111111111111111
1111111111111111
1111111111111111
1111111111111111
1111111111111111
1111111111111111
1111111111111111
1111111111111110
0000100000000000
1111011001110111
1111010101011010
1111110010011111
1111110000111111
1100001001110111
1110010100111011
0000100000000000
1001110011010010
1010010011010001
1001010011110010
1001010011010010
1001110011010010
1001010011010011
0000000000000000
1001010011010011
0000000000000000
0000100000000000
1111111111111111
1111111111111111
1111111111111110
1111111111111111
1111111111111111
1111111111111111
1111111111111111
1111111111111111
1111111111111111
1111111111111111
1111111111111111
1111111111111111
1111111111111111
1111111111111111
1111111111011111
0001000000000000
1111011001110100
1111111000110110
1111110100111010
1111110001111111
1111110010111111
1110010100011110
0000100000000010
1001110011010011
1001110010110010
1001010011010001
1001110011110011
1001010010110011
1001010100010011
0000000000100000
1001010011110011
0000000000000000
0000100000000000
0000000000000000
1111111111111111
1111111111111111
1111111111111111
1111111111111111
1111111111111111
1111111111111111
1111111111111111
1111111111111111
1111111111111111
1111111111111111
1111111111111111
1111011111111111
1111111111111111
1111111110111111
0000100000000000
1110111010110101
1111011010010100
1111111000110110
1111010100111001
1111010100011101
1110010101111101
0000100000000010
1001110011010100
1001110010110011
1010010011010010
1010010010110011
1001110010110011
0000000000000000
0000000000100000
1001010011010010
0000000000000000
0000000000000000
1001110011110011
0000000000000000
1111111111111111
1111111111111111
1111111111111111
1111111111111111
1111111111111111
1111111111111111
1111111111111111
1111111111111111
1111111111111111
1111111111111111
1111111111111111
1111111111011111
1111111111111111
1111111111111111
0000000000000000
1110011010010110
1111011001110110
1111111000111000
1111011001011001
1110011001111010
0000100000000000
1001110010110011
1001110010110100
1010110001110100
0100100111001001
1010010010110100
1001010010110011
0000000000100000
1001110011010010
0000000000000000
1001110011010011
1001010011010011
0000000000100000
1111011111111111
1111111111111111
1111111111111111
1111111111111111
1111111111011111
1111111111111111
1111111111111111
1111111111111111
1111111111111111
1111111111111111
1111111111111111
1111111111111111
1111011111111111
1111011111111111
1111111111111111
0000100000000000
0001000000000000
0001000000000000
0000100000000000
0000100000000000
1001110010110001
1001110011010011
1001010010110100
1010110001010101
1010010010010101
1001010010010100
1001110011110100
0000000000000000
1001110011010010
0000000000000000
0000000000000000
0000000000000000
0000000000000001
1111111111111111
1111111111111111
1111111111111111
1111111111111111
1111111111111111
1111111111111111
1111111111111111
1111111111111111
1111111111111111
1111111111111111
1111111111011111
1111111111011111
1111111111111111
1111011111111111
1111011111111111
1111111111111111
1111111111011111
1111111111111101
0000000000100000
1001110010110000
1010010010110010
1001110010110011
1001110011110011
1110111100011111
0000000000000010
1001010011010100
0000000000000000
0000000000000000
1001110011010011
0000000000100000
1111011111111111
1111111111111111
1111111111011111
1111111111111111
1111111111111111
1111111111111111
1111111111111111
1111111111111111
1111111111111111
1111111111111111
1111111111111111
1111111111111111
1111111111111110
1111111111111111
1111111111011111
1111111111111111
1111111111111110
1111111111111110
1111111111111111
1111111111111111
0000000000000000
1001010011010010
1001110010110100
1010010010110100
1001110011010100
1001010011010010
0000000000000010
0000000000000001
1010010010010010
1010110010010010
1001110010010010
1001010011010011
0000000000000000
1111111111111111
1111111111111111
1111111111111111
1111111111111111
1111111111111111
1111111111111111
1111111111011111
1111111111111111
1111111111111111
1111111111111111
1111111111111111
1111111111011111
1111111111111111
1111111111111111
1111111111011111
1111111111111111
1111111111111111
1111111111111111
1111111111111111
1111111111111111
0000000000000000
1001110011010100
1001010011010100
1001010011010011
1001010010110010
1001110011010011
1000110100110100
1010010001110001
1110010100010100
1110010100110100
1010110010110010
0000000001000000
1111011111111111
1111111111111111
1111111111111111
1111111111111111
1111111111111111
1111111111111111
1111111111111111
1111111111111111
1111111111111111
1111111111111111
1111111111111111
1111111111111111
1111111111111111
1111111111011111
1111111111111111
1111111111111111
1111111111111111
1111111111111111
1111111111111111
1111111111111111
1111111111011111
1111111110111111
0000000000000001
0000000000100000
0000000001100000
0000000000100000
1001110011010011
1000010100110001
1011110001110000
1111110010110010
1111010011010011
0001000000000000
1110111111111111
1111011111111111
1111111111111110
1111111111111110
1111111111111110
1111111111111111
1111111111111111
1111111111111111
1111111111111111
1111111111011111
1111111111011111
1111111111111111
1111111111111111
1111111111111111
1111111111111111
1111111111111111
1111111111111111
1111111111111111
1111111111111111
1111111111111111
1111111111111111
1111111111111111
1111111111111111
1111111111111111
1111111111111111
1111111111111111
1111111111111111
1111111111111111
0000000000000000
0000000000000000
0000000000000000
0000000000000000
1111111111111111
1111111111111111
1111111111111111
1111111111111111
1111111111111111
1111111111111111
1111111111111111
1111111111111111
1111111111111111
1111111111111111
1111111111111111
1111111111111111
1111111111111111
